Summary Result file:# Time: 2023-01-13T16:10:53.060732800

dataSetName    total_load     UP_u           UP_c           LMP_min        LMP_arith_avg  LMP_avg_buyer_cost  LMP_median     LMP_max        LP+_min        LP+_arith_avg  LP+_avg_buyer_cost  LP+_median     LP+_max        bal_cost_c     bal_cost_u     constraints_cost    income_UP      income_LMP     income_LP+     surplus_UP     surplus_LMP    surplus_LP+    sys_profit_UP       sys_profit_LMP      sys_profit_LP+      sup_profit_UP       sup_profit_LMP      sup_profit_LP+      lmp_prof_over_up    lp+_prof_over_up    num_of_comp_nodes   
Sorted by default (by data set name):
1_winter_d     14165,08       590            590            339,00         474,58         484,34              460,17         647,77         339,00         479,49         490,87              460,23         647,77         5126891,27     4811147,11     315744,16           8357396,15     6860770,50     6953180,28     3546249,04     1733879,23     1826289,00     0,00                1733879,23          1152734,48          3546249,04          0,00                673554,53           1496625,65          1404215,87          7                   
2_winter       14231,62       590            590            339,00         452,90         459,02              421,96         676,12         339,00         458,63         466,15              422,86         676,12         5157562,98     4836764,74     320798,24           8396654,33     6532568,64     6634114,39     3559889,59     1375005,65     1476551,41     0,00                1375005,65          799832,91           3559889,59          0,00                676718,50           1864085,70          1762539,94          7                   
3_winter       14529,00       590            590            339,00         438,72         442,15              408,84         630,10         339,00         445,32         450,26              409,81         630,10         5296364,27     4952419,39     343944,88           8572109,08     6423942,76     6541869,75     3619689,69     1127578,49     1245505,48     0,00                1127578,49          554646,41           3619689,69          0,00                690859,07           2148166,32          2030239,33          7                   
4_winter       14463,81       590            590            339,00         482,35         493,04              475,11         635,43         339,00         486,86         499,11              476,14         635,43         5266886,55     4927057,94     339828,61           8533647,39     7131294,67     7219086,65     3606589,44     1864408,12     1952200,10     0,00                1864408,12          1264440,81          3606589,44          0,00                687759,29           1402352,71          1314560,74          7                   
5_winter       14543,87       590            590            339,00         438,72         442,15              408,84         630,10         339,00         445,32         450,26              409,81         630,10         5302941,34     4958220,78     344720,57           8580885,54     6430519,84     6548567,56     3622664,76     1127578,49     1245626,22     0,00                1127578,49          554059,83           3622664,76          0,00                691566,39           2150365,70          2032317,97          7                   
6_winter       14798,93       590            590            339,00         446,72         452,67              420,58         621,14         339,00         452,96         460,45              421,90         621,14         5415983,59     5057692,20     358291,38           8731367,95     6699000,33     6814153,87     3673675,75     1283016,74     1398170,29     0,00                1283016,74          694475,94           3673675,75          0,00                703694,35           2032367,62          1917214,08          7                   
7_winter       16885,71       590            665            339,00         496,20         508,15              461,45         766,64         339,00         498,66         510,92              462,36         766,64         6430176,76     5905196,04     524980,72           9962567,01     8580460,98     8627160,90     4057370,97     2150284,22     2196984,14     0,00                2150284,22          1394062,76          4057370,97          0,00                802921,38           1382106,03          1335406,11          7                   
8_winter       18913,61       590            665            339,00         543,82         564,29              543,47         901,02         339,00         544,28         565,37              547,87         901,02         7510864,84     6811593,19     699271,66           11159029,65    10672762,05    10693240,23    4347436,46     3161897,21     3182375,38     0,00                3161897,21          2283026,49          4347436,46          0,00                899348,89           486267,60           465789,43           7                   
9_winter       19635,21       590            665            339,00         538,97         560,88              532,87         828,94         339,00         539,51         561,87              534,16         828,94         7915067,74     7143744,22     771323,52           11584774,35    11013069,57    11032354,78    4441030,14     3098001,83     3117287,04     0,00                3098001,83          2183625,75          4441030,14          0,00                933661,29           571704,78           552419,58           7                   
10_winter      19900,87       590            665            339,00         534,47         559,05              524,41         846,96         339,00         535,08         560,05              525,29         846,96         8064853,39     7267899,55     796953,84           11741510,93    11125641,29    11145531,08    4473611,38     3060787,90     3080677,69     0,00                3060787,90          2134384,42          4473611,38          0,00                946293,28           615869,65           595979,85           7                   
11_winter      19796,09       590            665            339,00         534,58         558,47              524,35         837,88         339,00         535,21         559,49              525,29         837,88         8006318,89     7218713,48     787605,40           11679692,52    11055558,26    11075801,33    4460979,04     3049239,37     3069482,44     0,00                3049239,37          2128171,34          4460979,04          0,00                941311,10           624134,26           603891,19           7                   
12_winter      19975,71       590            665            339,00         569,45         602,45              578,88         960,26         339,00         567,72         599,57              581,65         960,26         8107671,65     7302894,78     804776,88           11785666,26    12034394,03    11976767,75    4482771,49     3926722,37     3869096,09     0,00                3926722,37          2919244,16          4482771,49          0,00                949851,93           -248727,76          -191101,48          7                   
13_winter      20124,05       590            665            339,00         555,79         561,60              529,48         844,00         339,00         555,30         561,02              535,76         844,00         8192008,05     7372543,20     819464,85           11873186,67    11301655,22    11290014,79    4500643,47     3109647,18     3098006,74     0,00                3109647,18          2141101,20          4500643,47          0,00                956905,54           571531,44           583171,88           7                   
14_winter_p    20190,36       590            665            339,00         609,70         678,50              560,89         2114,56        339,00         608,78         677,70              570,01         2114,56        8229297,58     7403824,69     825472,88           11912312,22    13699097,26    13682953,51    4508487,52     5469799,68     5453655,93     0,00                5469799,68          4493597,12          4508487,52          0,00                960058,81           -1786785,04         -1770641,30         7                   
15_winter      20036,38       590            665            339,00         555,97         562,57              529,48         844,00         339,00         555,49         561,99              535,76         844,00         8142776,16     7331248,94     811527,22           11821465,10    11271846,77    11260257,04    4490216,17     3129070,61     3117480,88     0,00                3129070,61          2164743,78          4490216,17          0,00                952737,10           549618,34           561208,06           7                   
16_winter      19743,35       590            665            339,00         542,19         562,65              539,21         848,63         339,00         542,66         563,60              540,66         848,63         7975861,28     7194137,50     781723,78           11648577,01    11108575,34    11127382,90    4454439,51     3132714,06     3151521,62     0,00                3132714,06          2212718,24          4454439,51          0,00                938803,39           540001,67           521194,10           7                   
17_winter      19942,93       590            665            339,00         534,60         559,11              524,41         846,96         339,00         535,21         560,11              525,29         846,96         8088369,31     7287621,30     800748,01           11766328,60    11150344,03    11170275,87    4478707,30     3061974,73     3081906,56     0,00                3061974,73          2133613,12          4478707,30          0,00                948293,44           615984,57           596052,73           7                   
18_winter      19571,42       590            665            339,00         538,97         560,88              532,87         828,94         339,00         539,51         561,87              534,16         828,94         7879289,93     7114071,50     765218,43           11547139,27    10977291,76    10996514,31    4433067,77     3098001,83     3117224,39     0,00                3098001,83          2186596,25          4433067,77          0,00                930628,13           569847,51           550624,96           7                   
19_winter      19079,61       590            665            339,00         543,34         542,39              519,74         806,83         339,00         544,18         543,50              522,07         806,83         7604083,53     6887622,68     716460,85           11256971,58    10348677,30    10369759,26    4369348,89     2744593,78     2765675,73     0,00                2744593,78          1858433,34          4369348,89          0,00                907242,40           908294,27           887212,31           7                   
20_winter      18925,63       590            665            339,00         543,61         563,28              543,47         901,02         339,00         544,08         564,36              547,87         901,02         7517650,60     6817100,78     700549,82           11166124,59    10660450,85    10680942,04    4349023,81     3142800,25     3163291,44     0,00                3142800,25          2263370,74          4349023,81          0,00                899920,70           505673,74           485182,54           7                   
21_winter      18229,47       590            665            339,00         521,10         534,66              512,36         758,16         339,00         522,65         536,78              513,73         758,16         7131942,26     6498257,81     633684,46           10755388,00    9746568,57     9785150,54     4257130,20     2614626,31     2653208,28     0,00                2614626,31          1786390,41          4257130,20          0,00                866817,87           1008819,43          970237,47           7                   
22_winter      16909,85       590            665            339,00         497,51         509,92              477,60         694,09         339,00         500,26         513,29              477,67         694,09         6442641,22     5915647,99     526993,22           9976808,70     8622736,78     8679601,50     4061160,70     2180095,56     2236960,28     0,00                2180095,56          1432891,10          4061160,70          0,00                804069,18           1354071,92          1297207,20          7                   
23_winter      15692,33       590            590            339,00         465,84         475,04              437,54         676,74         339,00         470,72         481,02              437,60         676,74         5834479,64     5406120,00     428359,64           9258476,66     7454483,38     7548256,71     3852356,67     1620003,74     1713777,07     0,00                1620003,74          967601,02           3852356,67          0,00                746176,06           1803993,28          1710219,95          7                   
24_winter      14332,06       590            590            339,00         455,08         461,24              424,38         673,15         339,00         460,66         468,25              424,93         673,15         5203846,92     4875679,91     328167,00           8455913,32     6610521,93     6711009,29     3580233,41     1406675,01     1507162,37     0,00                1406675,01          825667,97           3580233,41          0,00                681494,40           1845391,40          1744904,04          7                   
End of summary sorted by total load


Sorted by total load:
1_winter_d     14165,08       590            590            339,00         474,58         484,34              460,17         647,77         339,00         479,49         490,87              460,23         647,77         5126891,27     4811147,11     315744,16           8357396,15     6860770,50     6953180,28     3546249,04     1733879,23     1826289,00     0,00                1733879,23          1152734,48          3546249,04          0,00                673554,53           1496625,65          1404215,87          7                   
2_winter       14231,62       590            590            339,00         452,90         459,02              421,96         676,12         339,00         458,63         466,15              422,86         676,12         5157562,98     4836764,74     320798,24           8396654,33     6532568,64     6634114,39     3559889,59     1375005,65     1476551,41     0,00                1375005,65          799832,91           3559889,59          0,00                676718,50           1864085,70          1762539,94          7                   
24_winter      14332,06       590            590            339,00         455,08         461,24              424,38         673,15         339,00         460,66         468,25              424,93         673,15         5203846,92     4875679,91     328167,00           8455913,32     6610521,93     6711009,29     3580233,41     1406675,01     1507162,37     0,00                1406675,01          825667,97           3580233,41          0,00                681494,40           1845391,40          1744904,04          7                   
4_winter       14463,81       590            590            339,00         482,35         493,04              475,11         635,43         339,00         486,86         499,11              476,14         635,43         5266886,55     4927057,94     339828,61           8533647,39     7131294,67     7219086,65     3606589,44     1864408,12     1952200,10     0,00                1864408,12          1264440,81          3606589,44          0,00                687759,29           1402352,71          1314560,74          7                   
3_winter       14529,00       590            590            339,00         438,72         442,15              408,84         630,10         339,00         445,32         450,26              409,81         630,10         5296364,27     4952419,39     343944,88           8572109,08     6423942,76     6541869,75     3619689,69     1127578,49     1245505,48     0,00                1127578,49          554646,41           3619689,69          0,00                690859,07           2148166,32          2030239,33          7                   
5_winter       14543,87       590            590            339,00         438,72         442,15              408,84         630,10         339,00         445,32         450,26              409,81         630,10         5302941,34     4958220,78     344720,57           8580885,54     6430519,84     6548567,56     3622664,76     1127578,49     1245626,22     0,00                1127578,49          554059,83           3622664,76          0,00                691566,39           2150365,70          2032317,97          7                   
6_winter       14798,93       590            590            339,00         446,72         452,67              420,58         621,14         339,00         452,96         460,45              421,90         621,14         5415983,59     5057692,20     358291,38           8731367,95     6699000,33     6814153,87     3673675,75     1283016,74     1398170,29     0,00                1283016,74          694475,94           3673675,75          0,00                703694,35           2032367,62          1917214,08          7                   
23_winter      15692,33       590            590            339,00         465,84         475,04              437,54         676,74         339,00         470,72         481,02              437,60         676,74         5834479,64     5406120,00     428359,64           9258476,66     7454483,38     7548256,71     3852356,67     1620003,74     1713777,07     0,00                1620003,74          967601,02           3852356,67          0,00                746176,06           1803993,28          1710219,95          7                   
7_winter       16885,71       590            665            339,00         496,20         508,15              461,45         766,64         339,00         498,66         510,92              462,36         766,64         6430176,76     5905196,04     524980,72           9962567,01     8580460,98     8627160,90     4057370,97     2150284,22     2196984,14     0,00                2150284,22          1394062,76          4057370,97          0,00                802921,38           1382106,03          1335406,11          7                   
22_winter      16909,85       590            665            339,00         497,51         509,92              477,60         694,09         339,00         500,26         513,29              477,67         694,09         6442641,22     5915647,99     526993,22           9976808,70     8622736,78     8679601,50     4061160,70     2180095,56     2236960,28     0,00                2180095,56          1432891,10          4061160,70          0,00                804069,18           1354071,92          1297207,20          7                   
21_winter      18229,47       590            665            339,00         521,10         534,66              512,36         758,16         339,00         522,65         536,78              513,73         758,16         7131942,26     6498257,81     633684,46           10755388,00    9746568,57     9785150,54     4257130,20     2614626,31     2653208,28     0,00                2614626,31          1786390,41          4257130,20          0,00                866817,87           1008819,43          970237,47           7                   
8_winter       18913,61       590            665            339,00         543,82         564,29              543,47         901,02         339,00         544,28         565,37              547,87         901,02         7510864,84     6811593,19     699271,66           11159029,65    10672762,05    10693240,23    4347436,46     3161897,21     3182375,38     0,00                3161897,21          2283026,49          4347436,46          0,00                899348,89           486267,60           465789,43           7                   
20_winter      18925,63       590            665            339,00         543,61         563,28              543,47         901,02         339,00         544,08         564,36              547,87         901,02         7517650,60     6817100,78     700549,82           11166124,59    10660450,85    10680942,04    4349023,81     3142800,25     3163291,44     0,00                3142800,25          2263370,74          4349023,81          0,00                899920,70           505673,74           485182,54           7                   
19_winter      19079,61       590            665            339,00         543,34         542,39              519,74         806,83         339,00         544,18         543,50              522,07         806,83         7604083,53     6887622,68     716460,85           11256971,58    10348677,30    10369759,26    4369348,89     2744593,78     2765675,73     0,00                2744593,78          1858433,34          4369348,89          0,00                907242,40           908294,27           887212,31           7                   
18_winter      19571,42       590            665            339,00         538,97         560,88              532,87         828,94         339,00         539,51         561,87              534,16         828,94         7879289,93     7114071,50     765218,43           11547139,27    10977291,76    10996514,31    4433067,77     3098001,83     3117224,39     0,00                3098001,83          2186596,25          4433067,77          0,00                930628,13           569847,51           550624,96           7                   
9_winter       19635,21       590            665            339,00         538,97         560,88              532,87         828,94         339,00         539,51         561,87              534,16         828,94         7915067,74     7143744,22     771323,52           11584774,35    11013069,57    11032354,78    4441030,14     3098001,83     3117287,04     0,00                3098001,83          2183625,75          4441030,14          0,00                933661,29           571704,78           552419,58           7                   
16_winter      19743,35       590            665            339,00         542,19         562,65              539,21         848,63         339,00         542,66         563,60              540,66         848,63         7975861,28     7194137,50     781723,78           11648577,01    11108575,34    11127382,90    4454439,51     3132714,06     3151521,62     0,00                3132714,06          2212718,24          4454439,51          0,00                938803,39           540001,67           521194,10           7                   
11_winter      19796,09       590            665            339,00         534,58         558,47              524,35         837,88         339,00         535,21         559,49              525,29         837,88         8006318,89     7218713,48     787605,40           11679692,52    11055558,26    11075801,33    4460979,04     3049239,37     3069482,44     0,00                3049239,37          2128171,34          4460979,04          0,00                941311,10           624134,26           603891,19           7                   
10_winter      19900,87       590            665            339,00         534,47         559,05              524,41         846,96         339,00         535,08         560,05              525,29         846,96         8064853,39     7267899,55     796953,84           11741510,93    11125641,29    11145531,08    4473611,38     3060787,90     3080677,69     0,00                3060787,90          2134384,42          4473611,38          0,00                946293,28           615869,65           595979,85           7                   
17_winter      19942,93       590            665            339,00         534,60         559,11              524,41         846,96         339,00         535,21         560,11              525,29         846,96         8088369,31     7287621,30     800748,01           11766328,60    11150344,03    11170275,87    4478707,30     3061974,73     3081906,56     0,00                3061974,73          2133613,12          4478707,30          0,00                948293,44           615984,57           596052,73           7                   
12_winter      19975,71       590            665            339,00         569,45         602,45              578,88         960,26         339,00         567,72         599,57              581,65         960,26         8107671,65     7302894,78     804776,88           11785666,26    12034394,03    11976767,75    4482771,49     3926722,37     3869096,09     0,00                3926722,37          2919244,16          4482771,49          0,00                949851,93           -248727,76          -191101,48          7                   
15_winter      20036,38       590            665            339,00         555,97         562,57              529,48         844,00         339,00         555,49         561,99              535,76         844,00         8142776,16     7331248,94     811527,22           11821465,10    11271846,77    11260257,04    4490216,17     3129070,61     3117480,88     0,00                3129070,61          2164743,78          4490216,17          0,00                952737,10           549618,34           561208,06           7                   
13_winter      20124,05       590            665            339,00         555,79         561,60              529,48         844,00         339,00         555,30         561,02              535,76         844,00         8192008,05     7372543,20     819464,85           11873186,67    11301655,22    11290014,79    4500643,47     3109647,18     3098006,74     0,00                3109647,18          2141101,20          4500643,47          0,00                956905,54           571531,44           583171,88           7                   
14_winter_p    20190,36       590            665            339,00         609,70         678,50              560,89         2114,56        339,00         608,78         677,70              570,01         2114,56        8229297,58     7403824,69     825472,88           11912312,22    13699097,26    13682953,51    4508487,52     5469799,68     5453655,93     0,00                5469799,68          4493597,12          4508487,52          0,00                960058,81           -1786785,04         -1770641,30         7                   
End of summary sorted by total load

# End of summary results file ---